240
0.302451 0.384169
0.302986 0.409377
0.304336 0.434977
0.306984 0.460683
0.311010 0.486447
0.316537 0.511947
0.323069 0.536942
0.331312 0.561627
0.342011 0.585088
0.355477 0.607217
0.371142 0.627774
0.388459 0.646991
0.407041 0.665229
0.426325 0.682694
0.447468 0.697492
0.471782 0.707060
0.500000 0.709867
0.528218 0.707060
0.552532 0.697492
0.573675 0.682694
0.592959 0.665229
0.611541 0.646991
0.628858 0.627774
0.644523 0.607217
0.657989 0.585088
0.668688 0.561627
0.676931 0.536942
0.683463 0.511947
0.688990 0.486447
0.693016 0.460683
0.695664 0.434977
0.697014 0.409377
0.697549 0.384169
0.331655 0.354725
0.354609 0.331785
0.387080 0.325436
0.420446 0.330125
0.452685 0.339996
0.547315 0.339996
0.579554 0.330125
0.612920 0.325436
0.645391 0.331785
0.668345 0.354725
0.500000 0.405156
0.500000 0.442322
0.500000 0.480116
0.500000 0.517378
0.457729 0.542442
0.476911 0.546376
0.500000 0.550557
0.523089 0.546376
0.542271 0.542442
0.366597 0.404028
0.385132 0.392425
0.428177 0.397495
0.442446 0.414082
0.422818 0.419177
0.382917 0.415929
0.557554 0.414082
0.571823 0.397495
0.614868 0.392425
0.633403 0.404028
0.617083 0.415929
0.577182 0.419177
0.360880 0.349748
0.391440 0.348304
0.421788 0.352051
0.451601 0.358026
0.548399 0.358026
0.578212 0.352051
0.608560 0.348304
0.639120 0.349748
0.407165 0.390906
0.402591 0.420584
0.406113 0.405280
0.592835 0.390906
0.597409 0.420584
0.593887 0.405280
0.471223 0.409619
0.528777 0.409619
0.455607 0.495169
0.544393 0.495169
0.441855 0.523363
0.558145 0.523363
0.426186 0.593516
0.453348 0.586128
0.481258 0.582594
0.500000 0.584476
0.518742 0.582594
0.546652 0.586128
0.573814 0.593516
0.556544 0.620391
0.531320 0.639672
0.500000 0.644911
0.468680 0.639672
0.443456 0.620391
0.433718 0.595595
0.466898 0.597025
0.500000 0.599883
0.533102 0.597025
0.566282 0.595595
0.534634 0.610720
0.500000 0.616173
0.465366 0.610720
0.406113 0.405280
0.593887 0.405280
0.366597 0.404028
0.371848 0.398748
0.378649 0.394894
0.386219 0.392124
0.394413 0.390794
0.402774 0.390598
0.411165 0.391436
0.419295 0.393357
0.426892 0.396722
0.433465 0.401488
0.438854 0.407474
0.442446 0.414082
0.436384 0.416284
0.429069 0.417953
0.421545 0.419403
0.413920 0.420469
0.406041 0.420698
0.398066 0.420187
0.390427 0.418642
0.383246 0.416078
0.376779 0.412565
0.370994 0.408368
0.633403 0.404028
0.628152 0.398748
0.621351 0.394894
0.613781 0.392124
0.605587 0.390794
0.597226 0.390598
0.588835 0.391436
0.580705 0.393357
0.573108 0.396722
0.566535 0.401488
0.561146 0.407474
0.557554 0.414082
0.563616 0.416284
0.570930 0.417953
0.578455 0.419403
0.586080 0.420469
0.593959 0.420698
0.601934 0.420187
0.609573 0.418642
0.616754 0.416078
0.623221 0.412565
0.629006 0.408368
0.331655 0.354725
0.345423 0.338137
0.364839 0.327427
0.387080 0.325436
0.409419 0.327950
0.431440 0.332797
0.452685 0.339996
0.350925 0.351659
0.371041 0.348509
0.391440 0.348304
0.411721 0.350365
0.431851 0.353879
0.451601 0.358026
0.668345 0.354725
0.654577 0.338137
0.635161 0.327427
0.612920 0.325436
0.590581 0.327950
0.568560 0.332797
0.547315 0.339996
0.649075 0.351659
0.628959 0.348509
0.608560 0.348304
0.588279 0.350365
0.568149 0.353879
0.548399 0.358026
0.434929 0.590082
0.444183 0.588272
0.453349 0.586127
0.462555 0.584150
0.471859 0.582687
0.481258 0.582594
0.490612 0.583760
0.500000 0.584476
0.509388 0.583760
0.518742 0.582594
0.528141 0.582687
0.537445 0.584150
0.546651 0.586127
0.555817 0.588272
0.565071 0.590082
0.442022 0.595481
0.450315 0.596007
0.458611 0.596431
0.466897 0.597025
0.475169 0.597793
0.483427 0.598703
0.491692 0.599501
0.500000 0.599747
0.508308 0.599501
0.516573 0.598703
0.524831 0.597793
0.533103 0.597025
0.541389 0.596431
0.549685 0.596007
0.557978 0.595481
0.441074 0.600438
0.448886 0.604514
0.457009 0.607918
0.465364 0.610720
0.473828 0.613157
0.482453 0.614958
0.491189 0.616066
0.500000 0.616367
0.508811 0.616066
0.517547 0.614958
0.526172 0.613157
0.534636 0.610720
0.542991 0.607918
0.551114 0.604514
0.558926 0.600438
0.431864 0.604088
0.438539 0.614066
0.446099 0.623383
0.454936 0.631506
0.465044 0.637970
0.476219 0.642352
0.487989 0.644682
0.500000 0.645199
0.512011 0.644682
0.523781 0.642352
0.534956 0.637970
0.545064 0.631506
0.553901 0.623383
0.561461 0.614066
0.568136 0.604088
0.426186 0.593516
0.573814 0.593516
0.433718 0.595595
0.566282 0.595595
